list(V = structure(c(9.073576354456696e-05, 1.9622317413982464e-05, 
2.3574332239657293e-05, 2.0639674120862129e-05, 3.9254033448787611e-06, 
4.6017261275332648e-06, 5.8046831748138426e-06, 5.5425851188337469e-06, 
1.0076542678187433e-05, 1.1550784743114418e-05, 1.9622317413982464e-05, 
1.0674620236838712e-05, 1.1543798529250681e-05, 9.9646011803195253e-06, 
2.3612274833938587e-06, 3.1806669286264636e-06, 3.6450081576816854e-06, 
3.1942964963118327e-06, 5.1974230655224124e-06, 5.7013807195673615e-06, 
2.3574332239657293e-05, 1.1543798529250681e-05, 2.944379249231214e-05, 
1.3991607334761116e-05, 3.3761825420259425e-06, 5.8500351178477556e-06, 
5.5868161918324407e-06, 8.0528701286338166e-06, 1.1060098334577351e-05, 
8.6143304622947433e-06, 2.0639674120862129e-05, 9.9646011803195253e-06, 
1.3991607334761116e-05, 2.3903175662676613e-05, 2.5524337540716054e-06, 
3.3471341419859021e-06, 5.6412219034606256e-06, 2.5853189955798398e-06, 
9.4961432977017721e-06, 1.3056564485169948e-05, 3.9254033448787611e-06, 
2.3612274833938587e-06, 3.3761825420259425e-06, 2.5524337540716054e-06, 
3.1356273389032471e-06, 3.2513226027466491e-06, 1.6533894091541381e-06, 
3.3651523919482824e-06, 2.5752661417242772e-06, 2.8677357740799002e-06, 
4.6017261275332648e-06, 3.1806669286264636e-06, 5.8500351178477556e-06, 
3.3471341419859021e-06, 3.2513226027466491e-06, 6.0607029677658335e-06, 
2.1886171637540056e-06, 5.9847837718156838e-06, 4.6211347800824545e-06, 
4.1447819052644416e-06, 5.8046831748138426e-06, 3.6450081576816854e-06, 
5.5868161918324407e-06, 5.6412219034606256e-06, 1.6533894091541381e-06, 
2.1886171637540056e-06, 4.9557566795155425e-06, 2.9248686843482826e-06, 
6.4545851250406298e-06, 7.9403778333109591e-06, 5.5425851188337469e-06, 
3.1942964963118327e-06, 8.0528701286338166e-06, 2.5853189955798398e-06, 
3.3651523919482824e-06, 5.9847837718156838e-06, 2.9248686843482826e-06, 
1.9842493002606106e-05, 6.5879109770912199e-06, 5.0670632627155947e-06, 
1.0076542678187433e-05, 5.1974230655224124e-06, 1.1060098334577351e-05, 
9.4961432977017721e-06, 2.5752661417242772e-06, 4.6211347800824545e-06, 
6.4545851250406298e-06, 6.5879109770912199e-06, 1.4898108375240497e-05, 
1.3689250624819135e-05, 1.1550784743114418e-05, 5.7013807195673615e-06, 
8.6143304622947433e-06, 1.3056564485169948e-05, 2.8677357740799002e-06, 
4.1447819052644416e-06, 7.9403778333109591e-06, 5.0670632627155947e-06, 
1.3689250624819135e-05, 2.4191589305514129e-05), .Dim = c(10L, 
10L)), S = structure(c(0.090756906363637854, 0.060830796754211741, 
0.079100952960647633, 0.087440330700882501, 0.060830796754211741, 
0.048494948900050697, 0.05762779387249363, 0.060702761848164963, 
0.079100952960647633, 0.05762779387249363, 0.082362597506659169, 
0.081301511468462567, 0.087440330700882501, 0.060702761848164963, 
0.081301511468462567, 0.12645475747142737), .Dim = c(4L, 4L), .Dimnames = list(
    NULL, c("clin", "ehr", "quest", "self"))), I = structure(c(1.0214256852268095, 
0.011278216147648195, 0.01504244448128853, -0.00053066228986931138, 
0.011278216147648195, 1.0278761821781031, 0.014678350125727376, 
-0.011168333525228223, 0.01504244448128853, 0.014678350125727376, 
1.0156080160504259, -0.0068888047451301226, -0.00053066228986931138, 
-0.011168333525228223, -0.0068888047451301226, 0.98033566718471699
), .Dim = c(4L, 4L)), N = structure(c(90676, 328065.91329792247, 
190993.69648237084, 415578.40255239443, 1186943, 691015.49991877901, 
1503563.3263514377, 402296, 875345.79471657937, 1904643), .Dim = c(1L, 
10L)), m = 1173569)
