list(V = structure(c(0.00014013694828675212, 2.3260142251716541e-05, 
2.3619119233429034e-05, 1.6712387763245956e-05, 6.959064861220295e-06, 
7.9361089043325039e-06, 1.8198251450674437e-06, 8.9912529428617167e-06, 
9.7641648347671431e-06, 8.5522062561161433e-06, 2.3260142251716541e-05, 
1.5521293458718611e-05, 1.3180176779268784e-05, 8.0827788923973889e-06, 
3.17497717447399e-06, 3.8921381315904352e-06, 3.4348763800983543e-06, 
3.2628936418191328e-06, 5.6232838265212044e-06, 6.5045881633041796e-06, 
2.3619119233429034e-05, 1.3180176779268784e-05, 3.0053291097864643e-05, 
7.3366493771642245e-06, 4.5051253589292859e-06, 7.2121169566522053e-06, 
3.4234712927204904e-06, 9.0957032056909922e-06, 7.6861591310628112e-06, 
6.618884267854187e-06, 1.6712387763245956e-05, 8.0827788923973889e-06, 
7.3366493771642245e-06, 2.8343443911269878e-05, 2.8176934160832523e-06, 
2.5633345631109289e-06, 8.0015107036267882e-06, 2.803715344847933e-06, 
9.5927876220506408e-06, 1.1986077814319157e-05, 6.959064861220295e-06, 
3.17497717447399e-06, 4.5051253589292859e-06, 2.8176934160832523e-06, 
4.4860816013867889e-06, 4.3560019119665359e-06, 1.6640162050062571e-06, 
3.9413261976328453e-06, 1.7905806892360202e-06, 3.0897895312782925e-06, 
7.9361089043325039e-06, 3.8921381315904352e-06, 7.2121169566522053e-06, 
2.5633345631109289e-06, 4.3560019119665359e-06, 7.594809546255905e-06, 
1.880836711611631e-06, 6.5793681190233308e-06, 3.2106715388601957e-06, 
4.985336825195311e-06, 1.8198251450674437e-06, 3.4348763800983543e-06, 
3.4234712927204904e-06, 8.0015107036267882e-06, 1.6640162050062571e-06, 
1.880836711611631e-06, 6.8132932903456069e-06, 2.4255424651274997e-06, 
6.6117196784081506e-06, 8.5421464791560129e-06, 8.9912529428617167e-06, 
3.2628936418191328e-06, 9.0957032056909922e-06, 2.803715344847933e-06, 
3.9413261976328453e-06, 6.5793681190233308e-06, 2.4255424651274997e-06, 
1.8649771062551465e-05, 4.1546866503485454e-06, 5.4413727325797922e-06, 
9.7641648347671431e-06, 5.6232838265212044e-06, 7.6861591310628112e-06, 
9.5927876220506408e-06, 1.7905806892360202e-06, 3.2106715388601957e-06, 
6.6117196784081506e-06, 4.1546866503485454e-06, 1.4938607423167446e-05, 
1.3648050754832256e-05, 8.5522062561161433e-06, 6.5045881633041796e-06, 
6.618884267854187e-06, 1.1986077814319157e-05, 3.0897895312782925e-06, 
4.985336825195311e-06, 8.5421464791560129e-06, 5.4413727325797922e-06, 
1.3648050754832256e-05, 2.4505287092374047e-05), .Dim = c(10L, 
10L)), S = structure(c(0.11431629316855704, 0.070840785478996998, 
0.083334103187773498, 0.094233771619454079, 0.070840785478996998, 
0.058585403089031901, 0.061654116420961851, 0.066993243533875341, 
0.083334103187773498, 0.061654116420961851, 0.084301739521289012, 
0.085436282910476766, 0.094233771619454079, 0.066993243533875341, 
0.085436282910476766, 0.12921485530063306), .Dim = c(4L, 4L), .Dimnames = list(
    NULL, c("Clin", "EHR", "Quest", "SelfRep"))), I = structure(c(1.0125976854414735, 
0.016187828003057562, 0.0095719655794100356, 0.0053197572697637656, 
0.016187828003057562, 1.0322931918352811, 0.024071650104066877, 
0.011139435155817336, 0.0095719655794100356, 0.024071650104066877, 
1.0167457643365589, 0.0068732948087484591, 0.0053197572697637656, 
0.011139435155817336, 0.0068732948087484591, 1.003444189359598
), .Dim = c(4L, 4L)), N = structure(c(62389.354806958385, 227054.90073204174, 
117862.78145939452, 164202.00163967078, 823635.81759023154, 428400.09590012912, 
597331.49319124594, 222452.80165718225, 310024.26985225419, 431904.13313736324
), .Dim = c(1L, 10L)), m = 1173569)
