list(V = structure(c(0.00014013694828675385, 2.1467734882972034e-05, 
2.3619119233430138e-05, 1.6712387763247386e-05, 8.9722461661632997e-06, 
1.0301125779891536e-05, 1.5469761156638399e-06, 8.9912529428616421e-06, 
9.7641648347694182e-06, 8.5522062561181508e-06, 2.1467734882972034e-05, 
1.791526843719118e-05, 1.2858276291672779e-05, 9.6236448104012295e-06, 
3.7534453169232274e-06, 4.8772926197571885e-06, 4.3574495207902615e-06, 
3.4373419866646423e-06, 7.4567184024250163e-06, 7.7068302752451664e-06, 
2.3619119233430138e-05, 1.2858276291672779e-05, 3.0053291097864524e-05, 
7.3366493771642025e-06, 5.1456743230945253e-06, 8.7488713392140195e-06, 
3.4637135972902461e-06, 9.0957032056904975e-06, 7.6861591310627349e-06, 
6.6188842678539626e-06, 1.6712387763247386e-05, 9.6236448104012295e-06, 
7.3366493771642025e-06, 2.8343443911270118e-05, 2.9752050274640055e-06, 
3.1166975203330403e-06, 7.9120901792521203e-06, 2.8037153448478496e-06, 
9.5927876220506255e-06, 1.198607781431935e-05, 8.9722461661632997e-06, 
3.7534453169232274e-06, 5.1456743230945253e-06, 2.9752050274640055e-06, 
5.0044502808513166e-06, 4.6005207924594437e-06, 1.735673072577688e-06, 
2.3592108601122897e-06, 2.7680626513146003e-06, 4.1827330593027909e-06, 
1.0301125779891536e-05, 4.8772926197571885e-06, 8.7488713392140195e-06, 
3.1166975203330403e-06, 4.6005207924594437e-06, 7.4185008839115473e-06, 
2.1120966366861002e-06, 4.7328949870043137e-06, 4.7769870966461912e-06, 
5.7417063262384481e-06, 1.5469761156638399e-06, 4.3574495207902615e-06, 
3.4637135972902461e-06, 7.9120901792521203e-06, 1.735673072577688e-06, 
2.1120966366861002e-06, 7.0120298307407972e-06, 2.539734538072416e-06, 
6.2244252164198972e-06, 7.7230381161726569e-06, 8.9912529428616421e-06, 
3.4373419866646423e-06, 9.0957032056904975e-06, 2.8037153448478496e-06, 
2.3592108601122897e-06, 4.7328949870043137e-06, 2.539734538072416e-06, 
1.8649771062550984e-05, 4.1546866503485243e-06, 5.4413727325794949e-06, 
9.7641648347694182e-06, 7.4567184024250163e-06, 7.6861591310627349e-06, 
9.5927876220506255e-06, 2.7680626513146003e-06, 4.7769870966461912e-06, 
6.2244252164198972e-06, 4.1546866503485243e-06, 1.4938607423167305e-05, 
1.3648050754832359e-05, 8.5522062561181508e-06, 7.7068302752451664e-06, 
6.6188842678539626e-06, 1.198607781431935e-05, 4.1827330593027909e-06, 
5.7417063262384481e-06, 7.7230381161726569e-06, 5.4413727325794949e-06, 
1.3648050754832359e-05, 2.4505287092374298e-05), .Dim = c(10L, 
10L)), S = structure(c(0.1143162931685571, 0.072322638917794377, 
0.083334103187773498, 0.094233771619454038, 0.072322638917794377, 
0.060919846693284992, 0.062774346029339304, 0.068520077254674253, 
0.083334103187773498, 0.062774346029339304, 0.084301739521288777, 
0.085436282910476793, 0.094233771619454038, 0.068520077254674253, 
0.085436282910476793, 0.12921485530063298), .Dim = c(4L, 4L), .Dimnames = list(
    NULL, c("Clin", "EHR", "Quest", "SelfRep"))), I = structure(c(1.0125976854414735, 
0.016310586636864601, 0.0095719655794100252, 0.0053197572697638021, 
0.016310586636864601, 1.0326798837862927, 0.025268722366941571, 
0.01036316741373741, 0.0095719655794100252, 0.025268722366941571, 
1.0167457643365596, 0.0068732948087484287, 0.0053197572697638021, 
0.01036316741373741, 0.0068732948087484287, 1.0034441893595982
), .Dim = c(4L, 4L)), N = structure(c(62389.354806958385, 223049.44392603391, 
117862.78145939452, 164202.00163967078, 795148.14178126992, 420866.65007612942, 
586783.582318653, 222452.80165718225, 310024.26985225419, 431904.13313736324
), .Dim = c(1L, 10L)), m = 1173569)
