list(V = structure(c(0.00013262983709793466, 2.0122959271479658e-05, 
2.3710797051360814e-05, 1.5221052547466914e-05, 5.1103715471740166e-06, 
7.6145745760884548e-06, 2.5058129872908381e-06, 7.5717808896225452e-06, 
8.0369107647103114e-06, 9.1518125685299377e-06, 2.0122959271479658e-05, 
1.2273696958621528e-05, 9.9118416854704379e-06, 6.719073480513823e-06, 
2.3705118509813415e-06, 3.3096363352712532e-06, 2.645077730969822e-06, 
2.6051758943231364e-06, 5.2878342991075313e-06, 5.4471085406165324e-06, 
2.3710797051360814e-05, 9.9118416854704379e-06, 2.7151031918449798e-05, 
6.897707113438691e-06, 2.9392041916615338e-06, 6.3510662967490886e-06, 
3.510013101502813e-06, 8.2737668481222136e-06, 6.6154368996030378e-06, 
5.7406190882019101e-06, 1.5221052547466914e-05, 6.719073480513823e-06, 
6.897707113438691e-06, 2.7005243587896879e-05, 2.2157206997742068e-06, 
2.2693576204016811e-06, 6.278463409758251e-06, 2.3668717686407315e-06, 
8.9105295361093105e-06, 1.1647300737275727e-05, 5.1103715471740166e-06, 
2.3705118509813415e-06, 2.9392041916615338e-06, 2.2157206997742068e-06, 
3.0124363300235001e-06, 2.813315790431931e-06, 1.232808047490838e-06, 
2.0521720957631696e-06, 1.7646885244765576e-06, 2.9311520514626971e-06, 
7.6145745760884548e-06, 3.3096363352712532e-06, 6.3510662967490886e-06, 
2.2693576204016811e-06, 2.813315790431931e-06, 5.4919543853223487e-06, 
1.5944616982652093e-06, 4.202707382517889e-06, 3.6968009867426504e-06, 
4.9828180280578012e-06, 2.5058129872908381e-06, 2.645077730969822e-06, 
3.510013101502813e-06, 6.278463409758251e-06, 1.232808047490838e-06, 
1.5944616982652093e-06, 5.25254333479806e-06, 2.1071100743836903e-06, 
5.4521947506575134e-06, 6.7452373940593052e-06, 7.5717808896225452e-06, 
2.6051758943231364e-06, 8.2737668481222136e-06, 2.3668717686407315e-06, 
2.0521720957631696e-06, 4.202707382517889e-06, 2.1071100743836903e-06, 
1.6858767761164943e-05, 3.9614013517000069e-06, 5.4420830321710577e-06, 
8.0369107647103114e-06, 5.2878342991075313e-06, 6.6154368996030378e-06, 
8.9105295361093105e-06, 1.7646885244765576e-06, 3.6968009867426504e-06, 
5.4521947506575134e-06, 3.9614013517000069e-06, 1.4016053692242119e-05, 
1.3169662355288188e-05, 9.1518125685299377e-06, 5.4471085406165324e-06, 
5.7406190882019101e-06, 1.1647300737275727e-05, 2.9311520514626971e-06, 
4.9828180280578012e-06, 6.7452373940593052e-06, 5.4420830321710577e-06, 
1.3169662355288188e-05, 2.4742696666126458e-05), .Dim = c(10L, 
10L)), S = structure(c(0.084969089365499989, 0.060681841976086816, 
0.074741060641632981, 0.08992113246567443, 0.060681841976086816, 
0.04907348464239554, 0.054747173060617139, 0.062053301097802986, 
0.074741060641632981, 0.054747173060617139, 0.080255714374029175, 
0.083421210546022515, 0.08992113246567443, 0.062053301097802986, 
0.083421210546022515, 0.12910671863721795), .Dim = c(4L, 4L), .Dimnames = list(
    NULL, c("Clin", "EHR", "Quest", "SelfRep"))), I = structure(c(1.0226836433991937, 
0.012553828872713457, 0.010184597112340224, 0.00034425125915668321, 
0.012553828872713457, 1.030620876823469, 0.022432899878290963, 
0.0045500846923114541, 0.010184597112340224, 0.022432899878290963, 
1.0161109592570705, 0.0060098878609801624, 0.00034425125915668321, 
0.0045500846923114541, 0.0060098878609801624, 1.003960996773841
), .Dim = c(4L, 4L)), N = structure(c(66247, 280608.71413233056, 
164904.01313491433, 355213.85786734166, 1188601, 698499.60120532638, 
1504613.0979235161, 410484, 884208.95562757109, 1904643), .Dim = c(1L, 
10L)), m = 1173569)
