list(V = structure(c(0.00017274184363060295, 2.8187027664731166e-05, 
2.9717782337857085e-05, 1.8555389318432748e-05, 7.6570478499474605e-06, 
1.0370144364393472e-05, 3.2741546496598087e-06, 9.1078950010477299e-06, 
9.4040559784424964e-06, 1.043995577189854e-05, 2.8187027664731166e-05, 
1.8759473342811695e-05, 1.3331189641131537e-05, 8.9491578624820605e-06, 
3.7757975661479315e-06, 4.7905694008254517e-06, 3.9205443951525339e-06, 
3.4166885505225135e-06, 6.7421491568000313e-06, 6.7724429804498162e-06, 
2.9717782337857085e-05, 1.3331189641131537e-05, 3.2701889407660833e-05, 
8.0630745039327953e-06, 4.1245601703141616e-06, 8.2746929646628711e-06, 
4.374864162676286e-06, 9.5985053725376161e-06, 7.4348060420374592e-06, 
6.3046468094615894e-06, 1.8555389318432748e-05, 8.9491578624820605e-06, 
8.0630745039327953e-06, 3.0743781701607748e-05, 3.119824230120281e-06, 
2.8963704212857238e-06, 7.803281047292499e-06, 2.62868969094673e-06, 
9.7673697026004391e-06, 1.2429070151807532e-05, 7.6570478499474605e-06, 
3.7757975661479315e-06, 4.1245601703141616e-06, 3.119824230120281e-06, 
5.2709882857621405e-06, 4.4294725876494671e-06, 2.002496092214723e-06, 
2.9074244817353077e-06, 2.3532557693464665e-06, 3.9277385993943434e-06, 
1.0370144364393472e-05, 4.7905694008254517e-06, 8.2746929646628711e-06, 
2.8963704212857238e-06, 4.4294725876494671e-06, 7.8626793170366625e-06, 
2.2227104367654184e-06, 5.3734608522638433e-06, 4.5268398992554385e-06, 
6.0031709087773284e-06, 3.2741546496598087e-06, 3.9205443951525339e-06, 
4.374864162676286e-06, 7.803281047292499e-06, 2.002496092214723e-06, 
2.2227104367654184e-06, 7.137334662125233e-06, 2.5333381540536406e-06, 
6.5758838675497464e-06, 7.9838397094477743e-06, 9.1078950010477299e-06, 
3.4166885505225135e-06, 9.5985053725376161e-06, 2.62868969094673e-06, 
2.9074244817353077e-06, 5.3734608522638433e-06, 2.5333381540536406e-06, 
1.8783386645125228e-05, 4.2865820874811254e-06, 5.7612946088285085e-06, 
9.4040559784424964e-06, 6.7421491568000313e-06, 7.4348060420374592e-06, 
9.7673697026004391e-06, 2.3532557693464665e-06, 4.5268398992554385e-06, 
6.5758838675497464e-06, 4.2865820874811254e-06, 1.4778679631779862e-05, 
1.3517609618912442e-05, 1.043995577189854e-05, 6.7724429804498162e-06, 
6.3046468094615894e-06, 1.2429070151807532e-05, 3.9277385993943434e-06, 
6.0031709087773284e-06, 7.9838397094477743e-06, 5.7612946088285085e-06, 
1.3517609618912442e-05, 2.4714892731689355e-05), .Dim = c(10L, 
10L)), S = structure(c(0.096971804763858124, 0.074794702084899745, 
0.081992706817662631, 0.096076850221235646, 0.074794702084899745, 
0.06365080836231933, 0.065197179070975608, 0.071703706552574381, 
0.081992706817662631, 0.065197179070975608, 0.084709508193462221, 
0.085695337164500396, 0.096076850221235646, 0.071703706552574381, 
0.085695337164500396, 0.12913801640180694), .Dim = c(4L, 4L), .Dimnames = list(
    NULL, c("Clin", "EHR", "Quest", "SelfRep"))), I = structure(c(1.0227075042919516, 
0.012760829777551688, 0.010175562257673396, 0.00027293391292359653, 
0.012760829777551688, 1.0363338732767553, 0.022460897890761913, 
0.0048618740887700022, 0.010175562257673396, 0.022460897890761913, 
1.0161044344237442, 0.0060972264281497638, 0.00027293391292359653, 
0.0048618740887700022, 0.0060972264281497638, 1.0041532254711605
), .Dim = c(4L, 4L)), N = structure(c(51084.344444553433, 186557.28080583256, 
106589.20841711792, 148593.61461113923, 677527.57242223795, 388304.46962510981, 
543261.62032874732, 222173.51594190943, 309851.06999812956, 431929.82716157439
), .Dim = c(1L, 10L)), m = 1173569)
